Cambridge 1.5 1.5 1.5 1.5 1.5 1.5 1.5 1.5 1.5 121
Oxford 1.27259 1.24112 3.54702 5.00717 -3.23004 3.26591 5.0972 0.79566 0.12455 121
St Andrews 1.6194 6.61767 -2.85399 -0.25892 -4.5778 -4.22144 2.09751 2.6599 -1.7365 121
Loughborough -2.56579 9.30666 3.20071 1.98377 -0.15598 3.65179 2.59756 -0.42707 -0.00258 121
Durham -12.24588 1.64346 11.41937 3.93265 1.28529 14.67503 6.36578 -0.28603 7.79613 121
Bath -10.67681 6.04993 -3.32221 1.66663 8.15842 11.60453 1.6562 -0.60618 0.76927 121
Imperial College -6.44201 20.84554 -16.38072 19.33506 33.83201 0.63549 12.66929 3.42448 -15.21736 121
Warwick -20.29709 18.942 29.79823 0.3613 -4.59527 18.14212 -0.01353 -0.78171 1.883 121
Lancaster -1.33936 32.51182 30.77452 10.27002 2.2316 -10.0067 2.68382 -1.22245 -4.59872 121
Leeds -10.50125 9.868 42.3207 -7.31925 0.43775 11.92076 15.88887 -1.50947 12.89732 121
UCL -4.5512 4.76088 5.19335 -57.61968 5.35203 -0.2893 -13.31195 -1.59633 -5.81812 121
York 20.33213 -30.29257 -4.18467 6.07576 4.53801 13.89026 -0.42641 -0.18909 13.94956 121
Coventry 3.99461 14.42074 18.02154 9.74397 53.0545 17.19597 7.58959 -8.95628 6.06323 121
Exeter -3.86858 6.97194 -23.07896 47.07691 24.48314 9.65982 -10.53147 2.77423 16.17793 121
London School of Economics -32.82464 4.92841 4.29897 3.76986 -9.30432 16.39684 -5.63077 24.32886 -30.042 121
Nottingham Trent -21.33244 7.46585 -1.30914 2.67917 0.46135 8.69756 -7.90664 -0.17281 11.25805 121
Nottingham 4.95188 -13.7881 -8.9823 -16.68659 5.50591 45.02527 26.08323 -3.77192 5.15173 121
UEA 18.19978 28.47476 -50.45671 -25.01516 16.28771 4.33343 38.53081 -6.00951 -27.34191 121
Birmingham 8.94074 -16.3096 16.01767 24.01396 32.86407 1.73062 18.83482 -0.68522 19.1045 121
Bristol 34.93919 -22.79219 23.98402 23.09721 -6.60695 56.03275 -33.35298 -2.46864 -7.26346 121
Surrey -31.77951 25.46391 6.15142 7.32255 -0.03133 -10.69847 59.53146 1.67528 1.32652 121
Lincoln -47.86803 33.37367 -32.66874 -17.23596 -7.73035 52.89065 27.7633 -3.17877 19.52529 121
Southampton 17.55305 -35.53426 5.15911 -39.81089 -0.29661 70.01167 13.45002 -5.44424 15.41425 121
Glasgow 53.44649 -33.24361 6.72136 24.19892 29.61106 -32.77403 -7.72397 1.36328 -14.43889 121
Portsmouth 37.98715 -42.97291 39.83489 -29.08174 45.15248 83.88583 -26.29094 -28.36165 -2.50673 121
Sussex 56.62803 23.78702 35.00828 6.04374 27.36514 131.09112 35.44731 -21.47656 -75.08902 121
Newcastle -20.65546 10.05526 13.43579 -35.55988 -10.41629 138.69956 -10.58175 -6.56296 4.78242 121
Edinburgh -1.98268 0.79248 21.99374 -25.612 -13.20709 46.8806 -4.46513 -5.54858 -29.42663 121
Derby 12.33708 -6.24094 58.60062 -5.3304 1.3497 29.39288 -19.53578 -9.92303 4.11206 121
Dundee 105.34943 106.45826 86.43341 -23.49986 187.25577 -86.53541 57.04357 -4.56935 28.88078 121
Essex 130.76097 42.18312 -22.65179 55.16322 68.65686 36.30983 87.7427 -36.94427 -48.29657 121
Swansea -24.47155 104.1108 -21.6806 -49.57538 73.25238 34.66605 1.55986 -14.20075 -45.70241 121
Liverpool Hope -0.03723 20.92054 11.09868 -41.90535 29.37159 25.16247 137.21306 -55.50964 87.29794 121
Manchester -51.05639 18.49526 70.468 -59.11495 21.5949 89.77981 -35.64914 -12.9746 -7.43659 121
Kent -46.81294 -14.68515 -0.35476 188.26033 102.09903 69.73575 91.70055 -12.7305 -64.59185 121
Keele -12.83886 101.55303 -44.75694 -36.74538 50.72636 127.48221 -157.59644 -7.1142 -22.34536 121
UWE Bristol 0.32124 73.20283 -14.70901 48.32116 13.1934 -31.94936 122.56925 -0.80795 -0.39278 121
Royal Holloway 11.1472 78.51285 29.83598 -25.63145 -26.77357 40.27146 -119.32799 -3.86387 -39.6697 121
Sheffield 37.31847 -37.38337 -45.22415 -19.70131 68.91886 81.31708 -49.76796 -17.39047 -26.11741 121
Stirling 47.57955 30.43185 -139.77072 -12.97399 -8.36791 -2.97604 -62.87466 4.17076 -32.7015 121
Huddersfield -80.55391 85.37755 6.37401 112.35011 19.61575 2.18373 161.57705 -0.0133 163.77355 121
Oxford Brookes -7.31277 11.12376 56.15036 -40.98627 -21.02599 82.62859 137.79984 -9.95397 -16.84858 121
Aston 65.04241 39.88217 52.56897 133.95533 39.32616 27.47358 -19.5172 -6.04347 -5.92813 121
Staffordshire 61.61022 -133.22737 174.05599 -222.52818 351.02551 -252.94507 -114.33222 -83.50535 158.8398 121
Aberystwyth -21.34819 135.02426 50.62184 39.54988 -4.052 103.05977 20.98279 -33.8181 110.71237 121
Reading -84.70618 -31.62103 -1.13973 3.43846 18.53966 190.76483 -7.20287 -14.48653 57.32792 121
Bangor 4.79455 198.7996 -112.41555 76.23974 -18.01685 121.37452 -49.3155 -10.73679 -47.07858 121
